8
30
8
18.182556
2 44 0
1 87 1 1
8 23 0
5 71 3 2 3 4
7 48 2 5 4
5 53 0
4 83 6 2 1 7 4 6 5
4 5 3 3 5 4
20
35.376544
5 57 0
2 2 0
4 58 0
1 16 0
8 23 4 1 5 3 2
4 8 3 2 4 3
1 92 5 1 6 5 2 4
4 29 3 6 1 4
5 44 6 2 3 6 8 1 4
4 64 3 9 1 5
4 32 0
2 5 3 12 5 1
4 18 1 13
3 49 13 8 10 2 6 12 14 9 7 1 3 13 5 11
8 26 8 11 13 9 10 5 2 14 12
3 19 3 8 7 9
6 90 15 13 7 3 5 10 9 6 11 15 12 17 4 14 1 2
1 86 10 9 2 14 7 4 6 12 18 15 11
2 68 13 12 1 8 7 14 19 13 15 11 4 9 16 6
3 31 8 3 9 4 2 1 14 8 11
8
49.582984
3 5 0
3 24 0
5 28 2 1 3
3 45 2 2 4
8 4 0
4 73 3 1 3 6
5 96 6 3 2 1 4 6 7
3 62 7 4 2 7 8 3 1 5
54
43.840725
2 67 0
6 59 0
6 82 1 2
5 85 1 3
7 84 2 3 5
4 38 4 5 1 3 2
1 49 3 1 7 6
3 82 7 6 8 4 5 7 3 2
7 46 2 8 9
7 73 9 1 8 2 5 3 7 9 6 10
5 4 6 8 2 4 7 10 5
4 27 11 11 10 4 1 9 7 6 5 12 8 3
6 20 10 2 10 9 12 3 13 8 5 11 4
3 14 9 12 5 3 14 10 8 4 6 7
7 39 5 1 7 14 6 3
6 95 10 13 14 8 12 10 11 1 9 15 2
4 55 1 13
1 64 14 18 16 15 2 5 7 9 10 4 17 12 13 8 6
5 11 14 19 15 2 13 4 11 7 17 12 18 5 6 16 1
7 93 17 18 3 6 20 13 17 7 8 4 15 1 11 19 5 12 9 10
5 54 9 5 17 7 12 13 11 10 6 4
3 4 16 7 13 10 11 1 19 14 22 4 5 18 16 21 2 15 12
7 90 17 14 6 23 15 18 1 13 5 21 12 10 3 17 8 2 9 20
7 47 14 23 11 14 22 17 7 21 2 12 16 9 13 20 3
1 5 2 9 3
8 50 24 1 2 3 11 15 20 21 14 7 24 13 6 26 19 8 16 12 17 23 10 25 18 9 22
4 86 4 8 26 25 19
2 68 8 7 14 20 15 10 22 19 9
1 92 17 5 7 16 9 3 15 23 6 22 11 17 19 26 10 2 1 12
7 64 6 15 16 10 27 4 17
3 27 21 23 25 21 9 3 5 7 2 20 29 1 18 14 8 12 10 28 31 30 27 26
8 15 17 28 7 3 10 17 2 27 24 18 26 5 29 4 16 11 1 21
4 16 24 2 12 14 15 6 20 8 1 16 21 33 31 22 3 26 27 23 32 19 13 10 29 30 9
3 67 7 3 15 14 29 6 5 33
2 43 2 25 17
2 16 22 25 18 35 24 16 19 12 28 15 27 1 23 30 31 5 32 3 21 17 29 26 34
8 77 25 4 29 8 27 30 36 5 34 33 32 6 20 18 2 12 24 25 17 15 3 37 14 1 28 13
3 66 2 4 9
2 43 36 32 16 12 25 36 2 29 6 1 33 13 31 38 27 7 35 11 30 18 39 15 19 23 24 22 3 4 34 9 8 14 26 37 28 5 20
5 11 13 5 39 20 38 19 1 17 28 8 15 22 36 25
6 41 1 21
4 57 13 23 40 2 22 10 15 5 18 20 19 29 28 7
6 11 30 10 19 40 14 3 23 22 26 35 12 21 8 24 18 15 4 33 20 16 6 30 1 36 17 29 32 34 31 7 43
5 31 36 22 26 25 42 11 17 27 1 12 28 13 34 15 7 6 41 9 37 44 32 21 19 8 23 30 36 35 31 29 38 20 43 10 5 16 14
8 90 44 6 17 15 27 23 11 16 41 7 2 28 39 18 45 14 26 31 9 35 30 22 21 5 42 10 29 34 4 38 43 25 32 13 44 33 40 36 20 37 8 19 3 1 12
3 96 23 3 40 4 42 7 16 37 15 21 14 27 13 35 39 24 31 26 17 9 36 32 12 43
5 88 42 12 23 15 14 6 40 38 2 36 22 16 30 41 20 25 4 18 5 26 27 45 1 34 10 42 43 47 31 46 37 24 9 3 21 11 19 17 13 35 7 33 32
2 20 4 36 9 1 30
5 4 33 8 11 23 24 22 40 1 39 49 46 17 10 18 21 32 25 47 35 31 14 19 27 36 43 30 15 9 20 48 13 3 7 38
8 79 33 7 41 47 14 50 9 17 20 30 36 48 1 15 29 19 5 35 22 18 43 21 10 11 13 33 37 40 46 23 27 44 45 38
8 71 50 13 46 24 50 21 38 7 5 12 51 27 40 15 23 16 8 2 20 14 19 17 31 33 49 35 4 30 9 25 34 47 44 37 41 48 39 32 29 22 11 43 10 45 28 26 42 6 1 36 3
4 24 23 36 23 32 4 31 44 21 41 18 13 48 9 42 19 29 8 45 11 46 47 6 37 27
1 50 34 28 50 22 8 32 3 49 5 43 25 4 31 13 21 10 26 1 9 6 45 18 24 39 52 35 11 48 27 41 37 15 29 17 30
5 49 40 2 32 12 52 25 33 15 50 53 3 48 39 18 40 14 19 8 36 7 4 24 21 23 42 28 6 46 22 9 16 51 30 44 13 35 20 45 34 17 41
2
30.885782
5 58 0
1 46 0
8
52.208271
4 82 0
3 9 1 2
6 62 1 2
2 36 3 3 1 2
6 15 2 2 3
3 74 0
1 66 5 2 4 1 7 6
6 85 2 3 5
