8
8
16
10.410039
1 45 0
7 5 1 1
3 36 0
5 35 2 3 1
6 35 1 4
4 41 1 5
6 2 4 5 2 3 1
6 72 2 5 1
2 75 5 3 4 2 5 7
1 21 2 2 8
8 4 4 1 10 8 7
6 68 0
4 18 1 7
1 36 1 12
4 65 10 5 4 1 6 11 9 2 8 13 12
6 64 14 14 12 5 9 15 3 2 10 13 1 6 4 7 11
25
46.890443
1 13 0
7 50 0
4 87 2 1 2
1 63 3 2 1 3
7 58 0
2 31 4 3 2 4 1
4 1 0
3 29 3 1 7 5
1 4 0
5 86 2 1 2
7 28 10 4 6 7 5 1 10 8 3 2 9
1 64 10 9 11 5 4 8 7 10 6 3 2
6 56 2 11 1
7 18 1 4
5 53 10 6 3 7 1 12 9 13 4 5 14
1 7 8 14 13 7 4 9 10 1 11
5 69 9 5 6 9 10 15 12 3 1 4
2 42 7 9 17 11 7 10 6 12
4 32 4 3 13 5 10
2 87 6 9 3 12 16 18 19
6 66 0
3 92 4 18 13 12 7
4 89 13 18 13 4 22 8 12 9 14 11 10 7 5 21
2 28 17 11 8 14 17 18 19 22 6 3 12 21 1 15 5 7 16 20
7 49 20 1 19 18 15 20 14 22 11 6 9 12 8 7 21 17 24 13 2 10 23
17
16.256414
6 56 0
1 36 0
3 40 0
4 37 0
1 60 0
4 86 5 1 5 3 2 4
7 75 4 4 3 2 6
7 87 6 5 4 2 7 6 3
7 84 0
6 60 8 8 3 5 1 9 4 2 7
7 80 0
5 31 4 6 7 4 1
3 24 12 9 11 4 6 7 8 12 1 3 2 5 10
2 1 3 6 5 4
4 94 6 1 5 3 2 9 11
2 4 7 1 14 9 12 7 15 13
2 89 1 14
22
15.32079
2 76 0
1 57 1 1
5 78 1 2
6 56 2 1 2
2 12 2 1 3
2 76 0
3 26 4 2 6 5 4
6 74 6 4 5 1 2 7 3
1 42 5 7 6 1 2 8
1 54 3 9 8 5
2 79 3 2 4 3
3 43 2 10 5
3 14 3 12 5 2
2 14 4 11 7 6 8
5 66 1 5
1 55 2 8 3
6 64 4 3 6 13 16
5 15 2 17 6
3 64 10 4 16 12 15 1 3 11 5 6 13
7 79 5 4 3 5 2 11
6 56 6 2 12 19 7 20 9
5 11 8 20 7 9 21 13 14 12 15
7
33.365514
5 89 0
4 4 1 1
5 16 1 2
4 74 2 3 1
2 21 1 1
5 61 0
5 24 4 1 2 3 6
9
19.487586
5 30 0
4 64 0
3 91 0
5 32 1 1
2 65 4 1 3 2 4
2 61 3 1 2 3
3 21 5 2 5 1 6 4
4 65 3 1 6 5
4 96 6 1 6 2 3 5 4
1
63.765761
6 38 0
1
37.469709
6 79 0
