8
3
18
2.049521
8 28 0
8 5 1 1
8 4 1 2
2 96 3 2 3 1
1 91 2 4 3
7 88 4 1 5 3 2
8 27 0
4 51 6 1 5 7 3 2 4
7 24 4 2 1 5 8
2 54 3 2 5 1
7 65 3 10 4 2
1 45 3 3 7 1
5 80 10 5 2 10 3 4 9 11 12 6 8
3 68 10 6 13 9 10 12 4 7 1 2 3
1 8 1 12
8 65 2 15 8
8 6 16 16 5 8 2 7 15 4 6 14 11 12 1 13 9 3 10
5 29 3 17 4 3
79
34.032356
2 87 0
3 37 0
2 23 2 1 2
6 17 0
2 39 3 1 4 3
2 28 1 4
4 38 2 5 3
1 15 5 4 1 7 5 3
6 57 5 1 8 5 3 6
5 2 1 8
1 83 6 2 4 9 5 3 10
4 59 11 10 9 6 8 1 7 3 5 11 2 4
1 4 3 8 7 1
6 59 7 2 4 8 12 6 3 7
4 52 7 11 3 13 9 6 4 5
1 67 8 6 7 10 5 2 4 14 9
6 72 8 12 15 3 2 8 1 7 13
4 96 17 17 10 4 7 13 8 12 6 3 14 9 11 2 1 15 16 5
3 37 2 5 3
6 76 3 17 11 13
8 56 20 14 17 9 4 12 3 13 5 1 11 16 18 20 7 10 15 19 8 2 6
7 36 8 20 16 1 19 3 12 17 8
3 9 12 10 18 12 7 19 5 16 6 22 2 4 1
3 10 20 14 7 3 11 16 23 13 8 20 22 1 9 10 6 2 15 19 5 12 21
1 12 20 16 15 18 8 13 19 12 9 14 17 6 3 4 10 24 23 7 21 22 5
8 79 6 12 2 8 10 25 19
3 70 18 25 6 12 4 18 20 11 24 21 9 14 23 22 2 15 7 5 10
4 19 4 16 3 22 13
7 93 5 11 14 23 20 9
1 40 8 23 14 29 3 7 13 22 11
6 2 2 10 4
6 88 4 16 29 15 20
8 72 4 2 21 17 10
8 65 14 18 7 13 30 14 32 3 6 23 9 19 1 12 21
3 65 26 7 32 21 16 34 27 23 2 28 12 15 1 3 29 33 8 10 9 13 6 25 14 4 19 26 30
6 68 29 7 18 13 24 25 33 2 28 32 5 4 30 29 9 21 14 6 31 15 26 12 19 10 8 1 35 34 20 27
5 75 11 3 13 4 5 23 6 20 10 12 25 30
7 26 4 33 14 23 10
6 42 17 8 6 22 12 33 15 32 3 21 35 10 13 14 28 37 16 9
1 40 0
2 85 16 33 25 7 3 5 28 15 30 37 4 11 2 18 40 38 12
4 38 13 26 25 19 17 39 11 21 22 32 4 27 28 10
4 21 30 32 2 5 21 41 13 8 16 29 30 39 28 23 37 24 22 33 10 18 14 34 4 19 1 31 38 27 36 3 6
1 70 37 16 1 2 11 18 26 42 33 10 37 4 34 32 8 7 14 43 17 12 5 13 24 31 15 36 23 40 38 41 28 30 21 25 6 9 19 27
1 78 23 32 4 7 30 17 24 44 42 3 11 8 37 9 41 1 31 10 43 38 21 20 14 18
5 44 13 10 35 36 21 26 13 1 14 41 24 23 8 15
3 38 37 1 3 44 40 33 18 24 4 37 11 8 32 21 15 9 29 14 20 28 27 16 38 7 42 36 43 22 12 19 39 34 41 5 30 45 10 25
8 93 14 10 35 46 22 3 43 21 9 13 25 45 6 34 47
2 87 45 17 48 13 30 35 25 22 20 42 6 44 23 5 14 10 28 34 27 16 24 15 43 7 32 36 21 3 11 41 9 37 47 8 45 26 46 2 39 1 4 38 33 12 18 31
4 47 17 26 4 17 36 20 18 1 24 35 38 8 31 5 9 29 6 47
8 69 46 8 48 14 9 3 16 5 15 25 47 13 30 7 37 6 20 29 35 43 24 12 32 44 39 19 26 50 31 1 11 28 22 27 2 4 17 36 34 33 18 46 23 41 21 42 38
1 45 33 44 50 42 39 9 16 5 43 7 19 28 35 6 25 33 37 36 11 34 46 32 10 8 29 41 30 1 38 23 21 13 40 45
2 85 6 38 19 34 10 43 12
5 25 19 29 19 23 9 42 1 26 48 49 36 45 24 25 17 15 18 47 2 38
2 92 14 6 14 50 7 44 17 47 33 38 9 36 48 41 34
6 7 45 29 44 11 32 36 24 48 18 45 15 41 2 8 12 40 7 19 35 9 52 27 1 26 34 38 37 49 47 23 25 50 43 20 28 10 42 55 5 3 21 30 39 46 16 53
8 95 47 24 39 12 43 15 26 44 40 35 14 4 38 28 17 6 10 13 34 9 54 22 36 52 48 41 31 45 51 27 8 3 18 20 33 56 29 19 50 37 49 7 47 42 11 30 2 21
1 12 32 24 30 49 19 2 38 6 21 43 52 55 15 32 18 16 5 11 31 8 56 4 57 25 40 51 12 29 48 28 35 46 54
4 29 41 48 24 21 12 58 52 47 1 42 5 41 6 2 19 36 56 30 50 39 57 54 35 4 51 32 25 29 40 20 44 27 38 37 10 3 33 8 7 26 23 13
5 72 21 33 52 31 59 46 21 38 34 22 40 6 54 13 28 39 9 55 14 1 56 48
6 23 34 49 42 39 37 15 53 57 2 29 9 24 38 35 30 7 34 40 23 20 13 3 50 52 56 59 44 25 10 21 4 58 45 22 18
1 76 17 20 1 2 56 18 61 13 37 44 40 6 32 59 11 53 22 52
1 92 42 7 20 23 51 43 3 1 6 40 28 26 10 53 55 35 41 56 9 57 48 52 39 37 2 19 15 24 27 49 13 14 18 47 59 46 33 4 44 62 45 8 5
5 52 23 46 22 54 24 30 62 29 20 5 58 55 13 59 43 27 40 15 51 44 33 48 26 49
1 64 56 27 28 40 43 61 38 15 22 4 34 60 12 10 5 21 26 25 64 49 45 13 41 19 31 48 52 9 24 54 20 62 2 36 46 59 51 57 33 23 16 63 30 8 50 29 1 53 3 7 14 37 35 56 32 17 42
4 38 60 48 22 5 10 24 30 50 55 31 53 1 21 28 32 11 2 62 36 35 23 27 44 17 3 39 45 40 29 25 63 59 51 47 26 46 19 9 14 49 56 4 13 42 61 34 60 12 43 16 54 57 64 15 52 58 38 41 18 37 33
7 59 61 47 39 27 38 7 49 32 20 15 34 10 6 41 23 57 3 40 55 60 36 31 21 53 1 54 24 50 4 51 48 25 9 66 16 22 14 13 28 56 26 33 44 19 52 35 11 5 65 61 18 30 2 37 64 17 63 12 58 8 29 62
6 41 46 41 27 18 40 9 39 14 4 33 22 49 48 43 58 55 3 67 13 65 28 60 34 10 66 21 35 23 63 46 59 54 6 15 11 51 30 24 42 56 38 7 44 19 64 1 53
6 76 23 59 42 48 38 66 19 21 9 16 11 52 40 12 45 53 51 18 22 26 8 68 60 64
2 63 13 61 5 28 32 36 8 49 21 19 9 52 63 55
5 61 8 46 49 7 66 61 64 44 55
2 46 1 60
3 93 64 14 46 1 63 62 66 41 5 8 48 6 70 56 54 53 22 60 69 42 43 35 27 12 47 3 37 51 72 23 7 31 67 21 30 39 19 36 45 64 40 50 13 2 61 25 38 59 17 18 4 11 58 29 71 32 55 52 34 20 9 24 49 28 16
1 66 36 37 2 33 47 28 70 68 25 41 14 36 57 44 3 62 43 18 38 55 13 67 10 72 50 9 40 73 15 61 1 65 66 31 51 63 45
7 63 57 8 53 58 38 31 63 57 46 73 45 67 72 70 1 17 69 12 49 59 28 10 6 42 26 62 33 21 3 66 18 55 51 54 16 30 65 74 9 32 25 20 23 7 48 27 61 64 36 29 56 5 22 41 35 37 52 15
5 82 65 55 31 64 37 27 19 63 14 65 25 59 49 39 73 74 23 34 22 70 54 6 71 10 67 50 18 29 26 53 66 61 33 32 48 17 42 24 40 75 68 16 38 7 60 69 15 5 43 30 8 28 13 45 44 3 72 56 47 52 20 51 46 41 11 35
1 93 43 55 4 7 64 26 53 1 31 46 66 22 35 14 2 49 5 6 57 28 32 33 39 15 42 9 61 59 76 51 50 8 44 48 40 45 30 24 73 37 68 47 74 12
7 60 62 76 57 6 28 9 38 22 7 45 32 3 25 15 37 29 70 66 18 8 56 14 36 34 52 4 23 44 35 17 40 20 43 64 27 19 58 10 24 65 48 39 68 60 1 74 2 51 31 67 61 26 46 54 77 55 69 41 42 16 49 62 33
2 37 53 5 19 72 63 4 36 51 67 25 3 12 27 53 34 70 50 10 61 23 57 20 15 76 66 37 16 39 40 13 21 33 14 60 38 7 42 2 55 6 1 11 9 78 62 48 45 56 68 8 54 77 24 64
3
29.864431
8 49 0
7 11 0
5 79 0
