8
6
29
53.104816
5 3 0
4 32 0
6 53 1 1
2 69 1 3
7 86 3 2 3 1
1 75 0
7 38 5 2 4 3 1 6
7 74 7 5 2 7 4 6 1 3
3 6 0
4 12 3 7 2 1
4 40 10 1 6 10 3 8 5 2 7 9 4
4 73 8 1 7 9 10 11 6 8 2
2 87 9 12 3 10 5 4 11 7 8 1
3 50 4 8 1 10 7
2 61 8 11 8 2 9 1 10 12 4
3 65 1 8
7 47 13 2 11 3 1 13 8 15 6 4 5 12 10 9
1 23 5 1 17 14 11 5
4 2 1 8
5 29 15 2 13 5 7 3 6 1 8 4 12 10 9 11 17 19
6 76 13 4 6 11 7 8 3 15 5 20 10 12 13 18
5 60 21 16 1 12 17 2 7 14 3 18 8 6 11 20 13 4 21 19 10 15 5 9
7 57 18 13 11 12 16 21 2 18 15 17 5 1 19 8 3 14 20 7 10
2 7 8 12 15 6 11 2 10 8 16
7 10 17 13 15 18 4 1 2 22 6 23 10 21 5 16 17 24 20 14
7 18 3 12 6 2
5 61 1 22
1 4 22 8 18 26 3 5 19 21 17 14 15 10 7 13 20 4 24 23 12 2 11 25 27
2 81 26 27 4 6 13 22 5 1 23 28 17 9 14 18 12 10 7 3 20 19 25 16 8 24 21 15 11
45
48.587909
4 14 0
8 78 0
7 52 1 1
4 82 3 2 1 3
4 50 3 3 1 2
7 15 2 1 5
2 28 1 4
7 36 1 6
6 15 2 5 6
4 33 4 4 7 6 2
7 33 2 1 3
4 14 3 2 8 1
5 12 8 8 9 7 2 6 1 5 10
2 67 5 8 10 11 5 2
8 26 10 11 4 14 7 3 12 6 13 10 9
7 66 13 7 5 6 4 2 1 11 15 3 9 10 8 13
5 37 1 16
5 56 6 8 6 16 9 11 14
5 85 7 13 11 9 3 8 14 16
3 30 13 13 9 4 7 5 18 11 2 10 17 16 8 3
1 19 2 11 12
5 43 5 7 19 18 17 16
1 67 0
3 10 1 14
6 78 22 13 2 18 15 17 12 14 22 24 10 7 8 19 3 5 4 6 9 16 23 21 11
2 33 21 5 20 17 22 23 11 3 2 9 12 4 6 14 8 25 1 21 19 16 15 13
7 21 19 10 9 1 8 6 25 21 7 2 12 15 26 13 17 4 3 19 24 18
1 84 7 6 3 2 18 27 5 24
5 28 25 24 23 5 21 16 18 15 12 13 19 3 11 25 4 22 7 10 26 17 2 20 6 9 14 8
1 24 12 11 4 6 12 23 18 26 8 5 15 25 16
5 35 14 1 28 27 20 10 30 29 3 17 13 2 26 24 19
6 52 5 9 12 23 22 27
1 18 20 32 30 21 29 18 5 15 8 23 11 2 22 10 7 13 14 4 16 24 9
8 12 3 17 19 24
6 42 27 33 19 16 28 14 4 32 18 29 9 23 20 15 1 17 12 2 34 31 11 13 3 26 27 7 25 21
7 96 34 14 26 17 11 34 28 4 5 29 18 20 31 1 23 8 25 3 13 21 10 12 30 2 24 6 27 15 35 22 16 33 32 7 9
8 9 1 8
8 42 36 29 31 8 10 20 25 33 1 26 23 14 19 2 36 13 18 5 11 30 21 35 34 37 15 22 24 17 12 28 3 16 4 9 6 27 32
6 44 8 36 1 10 20 24 13 5 19
1 89 21 25 31 4 17 33 16 27 32 24 20 1 9 37 39 28 14 38 7 11 23 5
7 18 37 17 39 12 31 10 21 22 9 30 5 2 23 36 19 38 28 3 40 33 14 37 26 32 29 4 15 16 7 25 27 6 35 8 1 11 34 18
1 33 6 40 14 11 24 28 8
2 49 22 40 17 5 39 37 41 34 36 19 13 18 26 20 23 33 12 14 21 35 2 4 7
6 13 0
1 27 34 5 34 13 8 23 14 37 26 4 3 39 38 19 33 11 42 36 15 2 20 21 25 43 6 31 44 24 18 22 29 28 35 12 27
2
35.200492
6 72 0
8 15 0
17
42.377562
2 42 0
6 18 0
5 53 0
3 70 2 3 1
1 10 0
7 24 0
1 66 5 5 6 2 1 3
4 32 5 2 3 5 4 6
8 21 6 7 1 3 4 5 6
8 87 6 9 4 8 2 7 3
7 27 10 7 5 6 4 8 10 9 2 3 1
4 45 7 9 2 6 1 7 11 5
6 54 0
3 54 8 11 9 7 2 1 4 10 3
1 82 14 8 9 5 4 7 3 12 1 14 2 10 6 13 11
3 23 11 4 13 1 9 12 8 6 14 5 15 11
8 68 16 1 2 16 9 15 4 14 13 12 8 3 5 10 7 6 11
6
11.212074
4 72 0
4 37 1 1
5 15 2 1 2
5 75 3 2 3 1
1 76 1 3
6 2 4 3 1 5 4
1
32.425844
1 74 0
