8
8
12
5.118124
7 68 0
3 40 1 1
3 58 1 2
5 10 2 2 3
6 75 0
1 41 3 2 1 4
3 92 3 1 6 2
1 49 1 2
1 84 5 1 2 8 5 6
1 7 3 4 8 2
4 46 4 6 3 4 10
6 20 3 8 11 3
20
57.214484
4 70 0
4 36 1 1
3 71 2 1 2
6 4 1 2
2 86 0
7 48 5 1 2 5 3 4
4 91 2 3 5
8 2 2 3 7
7 36 2 7 4
3 30 4 4 8 9 7
1 53 1 1
1 44 0
2 45 1 6
4 56 1 9
3 26 11 6 7 5 8 3 12 9 11 14 10 4
6 81 8 9 15 3 11 7 6 8 14
7 62 0
3 42 14 8 13 3 17 5 6 7 9 11 1 15 16 4 14
6 23 16 15 16 2 8 17 9 3 7 18 14 1 6 13 10 11 12
2 59 13 18 10 7 11 19 15 14 4 6 13 1 8 16
45
51.042656
2 24 0
5 5 1 1
4 73 0
6 36 3 1 3 2
8 52 1 2
5 16 3 1 2 4
3 34 0
5 89 3 2 6 3
2 71 7 7 2 3 6 1 5 4
4 62 3 2 3 8
1 67 4 9 5 6 10
1 89 6 3 2 9 8 11 5
2 79 0
4 16 10 8 5 4 3 1 2 6 9 12 11
2 59 13 13 12 4 5 11 1 8 3 9 6 10 2 7
3 68 11 11 2 12 10 4 6 13 7 15 3 14
4 36 9 7 12 9 5 2 1 13 16 6
4 91 4 1 11 14 15
3 16 10 3 14 16 11 5 1 15 17 6 7
6 5 11 8 2 3 18 19 10 16 6 12 17 11
3 37 14 8 1 5 2 17 13 12 6 9 10 15 19 3 18
1 35 17 12 8 18 17 7 16 5 19 1 11 20 15 10 2 21 4 13
8 7 12 21 13 12 3 15 7 8 5 16 6 17 11
3 26 14 13 3 9 2 12 16 5 11 10 19 18 7 17 15
5 52 0
2 18 8 14 15 12 5 19 20 22 25
6 96 4 17 5 21 18
8 33 1 3
3 94 22 17 7 12 19 2 6 23 4 18 3 26 16 21 9 20 10 22 5 15 14 28 25
1 72 5 5 27 21 12 29
5 20 21 9 16 7 1 8 2 15 28 24 13 23 25 6 19 11 29 4 26 3 12 21
3 12 4 3 21 15 6
4 4 30 29 27 10 28 6 15 23 19 22 24 16 18 31 8 21 3 7 9 5 26 11 30 20 17 13 12 2 4 14 25
7 6 20 10 12 14 7 33 23 30 22 11 32 15 18 16 20 9 2 19 8 28 13
4 49 29 29 2 33 24 6 5 9 20 15 10 7 14 8 21 19 1 31 11 27 34 32 3 25 17 23 26 16 22 12
6 83 22 4 20 1 24 11 17 19 30 35 7 26 27 22 33 13 25 23 21 15 28 32 31
6 44 26 19 22 13 7 32 18 20 14 34 2 4 16 3 33 8 31 15 30 1 25 10 9 23 27 35 12
6 12 19 33 28 13 19 32 12 22 10 26 24 3 8 6 21 18 9 27 36 29
4 46 27 34 32 10 6 17 9 27 35 29 26 28 22 13 36 12 38 37 19 21 5 16 15 20 14 4 3 31
1 52 30 38 32 6 36 4 12 9 23 26 27 29 10 15 11 25 16 28 30 20 14 2 34 33 18 7 31 8 3 13 24
6 9 10 38 29 20 1 12 23 5 7 22 26
4 52 32 21 34 13 12 32 7 8 24 2 27 17 19 29 14 31 38 30 37 36 11 4 15 28 9 20 35 41 25 6 23 40 10
8 51 38 27 42 2 22 15 38 12 7 21 39 1 8 17 5 23 36 33 14 29 28 20 30 35 26 13 3 16 4 6 25 18 11 24 19 41 32 9 10
1 41 17 13 25 30 17 29 34 14 40 3 4 22 20 21 38 15 8 36
4 52 5 43 4 15 39 17
8
60.850543
4 10 0
4 7 0
5 69 1 2
3 71 3 3 2 1
6 33 1 2
6 39 2 3 5
3 43 0
6 54 6 2 6 4 1 5 7
7
62.349266
2 75 0
1 37 1 1
5 28 2 1 2
5 24 0
5 37 2 3 2
6 19 4 5 3 1 4
1 76 3 4 1 3
1
12.892372
5 74 0
1
40.578388
2 54 0
4
32.322509
7 84 0
2 78 0
7 82 0
7 7 1 1
