8
6
19
53.151813
8 79 0
8 59 0
3 47 0
2 64 0
4 39 0
1 93 2 4 2
6 70 0
3 65 7 2 1 4 3 5 6 7
7 63 1 7
5 94 7 6 1 3 5 7 9 2
3 63 10 9 5 6 4 7 2 1 8 3 10
2 57 11 3 8 11 7 5 6 9 4 10 1 2
5 69 1 7
1 80 1 6
6 29 7 7 4 10 9 1 6 13
8 16 7 2 3 6 5 9 4 1
8 23 7 3 12 7 5 10 16 11
1 84 12 16 15 9 12 11 14 4 1 3 7 13 10
4 93 7 5 8 11 10 13 3 12
63
30.28634
8 62 0
3 23 0
8 50 2 2 1
7 92 0
7 46 4 4 1 2 3
6 81 4 1 3 4 2
6 89 2 4 2
2 9 5 2 7 1 6 5
6 16 2 7 2
2 60 0
6 22 2 1 8
4 48 5 5 9 4 3 11
5 68 8 3 12 2 4 8 10 5 7
1 42 3 9 3 2
6 49 4 13 7 8 9
4 88 9 5 10 15 4 7 12 6 14 13
6 61 5 10 7 9 8 6
1 48 15 17 12 6 3 10 9 14 4 8 11 7 5 13 1 15
7 4 17 16 7 12 6 8 2 13 5 17 4 3 15 18 14 9 10 1
8 83 15 19 9 18 1 11 8 16 13 17 6 3 12 10 15 7
4 72 7 4 12 7 1 5 8 6
8 87 15 4 2 3 21 16 6 14 19 18 5 7 11 12 9 17
7 28 3 10 11 14
3 10 5 16 9 17 1 19
5 80 18 5 7 1 10 24 18 11 14 19 16 3 15 23 6 17 20 2 4
1 74 13 24 21 13 9 23 12 7 25 20 6 11 16 15
3 23 8 20 8 14 22 11 10 5 17
7 64 3 11 26 3
8 9 18 8 15 6 25 3 5 1 11 13 9 18 26 23 14 20 19 22 2
6 92 10 28 14 5 17 21 29 13 27 23 8
2 21 30 6 12 4 30 13 14 24 5 29 25 15 19 7 21 27 28 17 16 10 1 18 20 26 11 22 2 3 8 9 23
5 82 11 31 23 2 24 5 13 30 6 14 25 11
2 94 11 29 19 22 30 28 1 17 2 26 31 23
3 45 26 5 4 21 13 26 8 18 23 11 15 30 10 1 7 22 6 24 32 17 9 28 27 2 31 25 33
2 56 13 2 3 11 13 15 1 25 8 26 21 19 22 28
2 66 17 5 21 34 16 18 26 23 33 8 9 1 32 2 31 10 13 22
2 27 13 25 3 35 6 19 28 22 15 18 12 8 7 10
6 78 10 27 13 37 24 33 3 25 35 19 36
4 38 38 17 14 30 11 32 18 25 22 36 19 7 38 3 20 23 27 16 35 4 29 1 15 34 5 6 9 31 24 26 8 33 10 12 2 13 21 37 28
1 66 19 14 18 39 8 9 35 13 20 7 32 19 38 6 5 26 15 37 12 16
4 55 17 6 5 39 37 36 15 19 11 25 10 27 16 32 1 22 23 21
2 60 36 16 36 29 15 27 10 19 23 14 37 12 7 22 30 9 21 8 35 41 2 25 33 20 1 38 5 4 32 13 28 6 11 40 3 34 31
5 1 19 42 33 38 7 24 9 12 39 3 20 23 1 36 31 14 30 25 26 40
3 91 5 5 40 43 1 2
2 68 9 31 44 28 1 4 42 39 32 8
8 58 6 2 24 39 17 18 44
4 70 17 35 13 21 19 30 8 15 12 17 33 37 18 28 6 44 32 26
5 31 3 5 41 33
2 47 43 14 33 37 3 28 19 17 23 35 38 12 1 30 48 20 16 26 5 45 15 27 42 31 10 25 18 47 22 24 4 41 21 32 44 34 7 9 46 2 13 11 36 43
8 32 20 11 33 46 30 37 42 43 8 32 41 47 24 40 48 12 5 6 35 3 19
1 55 39 31 22 21 44 12 35 13 8 37 38 33 2 43 42 1 11 19 9 39 23 34 25 20 45 46 16 6 14 5 40 27 29 32 26 7 48 36 41 17
2 65 44 34 35 9 15 18 19 28 48 23 2 29 40 22 32 49 36 7 33 14 3 11 1 30 20 37 43 6 4 24 51 16 46 13 27 44 17 5 8 42 47 10 31 21 26
2 76 39 32 35 38 13 9 27 10 47 5 45 43 7 29 37 26 42 20 36 1 3 17 30 39 18 44 25 24 16 21 40 2 48 46 51 15 52 33 12 8
5 79 49 26 23 28 16 41 53 19 34 29 11 8 18 9 13 12 43 44 37 6 21 22 51 31 20 27 1 48 33 46 15 49 3 47 14 7 38 2 52 4 32 10 42 45 30 35 40 39 24 36
8 87 29 39 11 15 9 33 10 40 37 3 24 34 8 1 22 4 14 42 53 38 17 36 51 50 12 32 2 28 7 43
3 54 26 46 3 19 33 39 25 26 28 6 13 50 24 37 51 8 17 18 4 9 16 48 36 12 40 21 20
1 84 48 47 32 55 20 10 54 26 45 37 34 21 51 13 22 11 33 53 15 5 35 41 12 49 24 40 44 25 3 48 28 42 52 46 23 30 31 7 8 36 38 50 56 4 1 2 14 19 6
7 65 13 13 27 44 48 35 5 21 55 38 15 45 18 17
8 91 37 24 31 9 29 21 43 36 10 46 45 4 22 33 55 2 16 26 19 3 41 25 38 44 34 58 11 14 5 32 40 54 52 53 57 51 47 56
6 39 0
4 83 31 42 50 59 13 43 31 22 2 29 41 53 1 44 20 34 11 58 10 4 15 60 23 16 57 47 26 36 19 24 30 49
4 19 54 59 10 11 51 27 57 22 53 5 52 56 43 23 61 42 1 25 36 24 48 54 35 37 33 46 2 9 50 8 7 13 26 12 4 55 39 49 28 40 60 41 17 45 58 31 34 44 19 3 29 14 16 21 6
7 42 12 19 3 33 50 29 58 60 8 18 2 10 13
5
44.809679
1 75 0
5 28 1 1
2 83 0
3 28 0
8 19 3 4 1 3
7
20.366687
2 58 0
1 59 1 1
1 44 0
1 39 0
6 41 4 4 3 1 2
1 26 2 1 3
6 95 2 1 3
5
2.87609
5 19 0
4 22 1 1
8 74 2 1 2
8 9 1 2
3 77 0
1
52.619965
6 47 0
