8
5
67
4.667364
4 69 0
3 64 1 1
7 44 1 2
6 75 2 1 3
4 12 3 3 2 1
3 85 3 5 1 3
3 40 2 6 2
7 18 7 7 1 4 5 3 2 6
2 2 4 2 6 1 3
2 84 3 9 5 4
6 8 6 10 4 7 5 1 9
7 87 10 11 6 2 8 3 7 9 1 5 10
3 51 8 10 8 7 11 4 1 9 12
4 52 10 5 9 12 2 7 13 3 11 4 1
2 74 2 14 9
8 85 11 4 5 3 13 15 7 6 12 9 14 1
2 14 11 7 5 12 6 13 9 1 11 4 16 14
6 31 17 8 7 3 10 11 12 6 5 9 15 4 2 16 13 14 1 17
1 76 0
5 33 18 16 15 12 2 14 10 8 13 3 7 11 17 6 9 19 1 4 18
8 76 5 14 15 12 9 20
8 96 17 21 14 2 5 9 19 13 10 18 16 12 15 11 7 3 17 4
4 77 0
3 1 17 14 5 8 1 4 21 20 3 19 6 23 13 17 2 15 9 18
5 33 15 1 12 11 23 5 16 8 24 19 22 15 2 10 6 21
8 29 14 15 14 25 2 7 8 12 16 21 10 18 24 13 22
2 67 1 18
7 89 10 13 20 11 25 1 3 10 18 21 4
7 65 5 23 14 11 27 15
8 91 21 18 7 15 3 22 8 27 28 6 12 4 9 21 1 2 17 24 29 5 20 10
4 55 20 19 21 14 20 29 30 5 25 9 11 17 22 2 4 7 1 24 6 3 12
7 2 25 10 12 15 5 23 4 16 22 7 6 26 24 1 18 27 9 8 2 31 25 28 21 17 19 13
2 29 1 14
3 68 33 2 28 13 11 1 8 4 27 25 5 19 16 7 9 10 23 17 12 15 3 32 33 29 24 31 20 6 21 26 18 30 14 22
1 74 13 18 19 4 7 23 20 14 11 21 22 3 30 10
5 4 32 9 17 20 7 27 3 13 32 23 5 4 31 8 26 12 19 6 18 33 28 22 14 25 2 34 21 24 10 29 16 15 1
3 83 19 25 7 33 5 12 6 18 36 4 27 31 26 15 32 22 29 21 10 34
5 84 21 18 7 9 11 28 12 23 16 32 3 37 36 10 2 29 5 30 1 33 4 35
6 16 14 26 5 31 17 28 22 16 3 9 30 29 4 34 23
1 28 29 2 38 17 20 23 35 7 31 24 5 1 9 16 32 15 3 39 29 11 4 13 12 6 28 36 8 19 27 33
2 5 38 13 39 24 23 19 35 21 11 20 22 9 38 28 6 16 37 5 25 26 36 14 32 31 7 2 34 4 8 3 10 33 27 15 30 18 29 12 17
8 58 20 22 33 8 19 28 27 7 12 36 5 10 31 34 20 3 21 37 23 11 1
5 85 13 13 9 38 12 23 31 18 3 34 42 15 5 2
2 16 7 20 38 43 9 22 15 31
5 69 32 8 5 1 33 15 34 29 27 4 10 41 39 35 18 37 31 16 28 42 2 7 6 25 17 9 12 32 24 26 3 13 19
5 30 40 44 38 36 14 31 18 15 9 7 42 39 11 34 24 43 19 5 10 3 16 27 6 23 40 12 30 25 2 22 29 26 28 4 8 41 21 20 32 45 35
3 21 9 34 15 31 16 27 41 19 33 5
8 73 7 29 28 6 36 1 18 33
4 62 16 40 5 44 33 48 12 7 9 10 26 47 25 32 16 38 23
6 88 20 25 40 44 31 18 49 22 6 39 23 33 36 48 19 12 42 28 47 13 16
3 66 30 40 31 20 41 23 38 13 6 10 43 26 19 39 47 50 12 21 37 44 42 32 15 3 45 18 28 27 46 29 24
1 86 21 20 14 34 43 25 40 39 35 13 29 42 33 6 3 26 46 28 50 23 22 8
5 18 45 3 49 7 35 17 33 23 9 31 14 38 25 5 15 50 41 48 8 30 12 40 11 43 16 36 29 10 47 13 20 21 18 2 6 51 1 27 4 46 39 19 28 32 26 34
8 31 45 8 32 47 53 21 26 50 38 41 33 6 3 10 13 5 11 9 30 14 39 48 46 49 37 45 29 19 28 16 44 36 52 22 1 42 4 17 35 18 51 27 12 20 24 25
5 51 37 47 3 22 26 51 45 19 5 48 46 23 6 38 9 14 17 2 36 54 31 8 35 10 7 42 40 37 11 18 41 53 13 52 43 16 4 39
1 37 7 5 1 12 24 13 46 45
8 79 6 9 23 12 17 43 28
7 82 26 4 18 53 12 7 10 19 51 37 8 41 38 42 9 56 33 50 15 22 52 17 45 25 27 24 36
8 93 55 21 39 13 56 28 17 23 31 36 47 52 5 41 42 26 55 43 58 40 16 7 37 2 27 8 34 20 1 18 24 25 15 38 32 35 9 3 6 44 14 54 11 12 29 45 50 33 51 57 19 48 10 22 49 46
4 4 20 27 59 48 54 44 21 40 30 43 17 24 35 55 16 20 56 49 58 52 41
8 83 1 19
4 38 19 42 19 14 5 11 30 38 43 45 40 12 8 23 2 48 58 1 33 16
5 2 46 43 45 18 53 38 60 35 58 1 59 33 41 51 28 55 29 25 50 57 13 14 9 52 54 26 17 36 32 21 34 20 30 8 37 62 12 56 48 31 3 61 11 4 47 2 15
7 17 16 36 1 22 5 13 46 40 60 2 26 10 62 43 9 21 19
5 64 0
7 60 39 30 19 48 55 33 42 21 58 17 1 29 7 20 32 14 13 46 53 62 49 50 54 11 56 27 60 47 26 59 64 61 35 24 4 22 5 28 15 37
6 54 39 28 15 21 30 44 59 57 45 26 20 50 29 33 10 4 31 43 27 64 22 41 13 37 36 40 47 2 34 11 60 51 65 16 49 42 9 1 48 25
20
30.8207
1 70 0
8 72 0
5 2 2 1 2
5 80 1 1
7 96 1 2
1 32 0
7 57 4 5 4 3 1
8 91 3 2 7 6
4 39 0
1 60 3 8 4 5
7 68 7 7 9 8 6 4 5 2
3 15 6 9 1 8 10 6 11
2 77 12 5 9 1 11 10 6 8 3 7 2 4 12
2 79 9 10 9 1 7 12 5 3 4 2
5 75 1 6
4 78 9 9 10 7 3 8 15 5 14 6
3 35 6 7 3 5 10 1 13
2 47 1 2
1 85 11 3 9 2 1 4 12 10 7 16 5 13
3 17 3 5 6 11
3
21.193487
2 57 0
1 3 1 1
4 72 2 1 2
9
7.514611
8 60 0
7 95 1 1
3 2 0
7 34 2 1 2
8 22 3 2 4 3
4 3 0
7 56 6 2 1 6 3 5 4
7 53 3 4 2 1
3 88 3 2 7 8
1
43.707014
2 65 0
