8
8
16
43.879429
6 34 0
2 66 0
2 48 1 1
3 70 2 2 3
6 57 4 3 2 1 4
4 94 2 2 5
1 11 2 4 6
1 83 3 7 5 6
2 26 2 2 7
6 3 1 1
8 17 10 5 8 10 7 4 3 6 1 2 9
1 60 9 3 6 9 8 5 1 4 10 11
8 26 8 1 3 2 9 7 8 12 11
8 41 0
7 45 0
2 68 13 11 9 4 2 7 10 13 3 6 5 15 1 14
27
9.041535
5 95 0
5 78 0
8 19 2 2 1
5 13 3 1 2 3
7 34 0
1 96 1 3
5 9 3 6 5 2
4 56 2 7 6
6 72 6 3 2 6 8 1 7
6 20 6 2 1 9 7 6 4
3 66 2 1 6
5 8 1 5
6 73 12 8 4 10 11 6 3 7 9 2 12 5 1
1 68 6 2 7 13 1 12 10
3 11 12 5 3 10 12 8 2 13 11 6 1 7 14
7 69 15 12 14 13 4 1 8 5 3 11 7 2 10 6 9 15
5 35 15 7 11 1 13 9 8 5 16 15 2 4 12 14 10 3
8 94 2 12 2
1 79 15 15 9 4 16 17 8 10 14 5 2 12 6 11 7 18
2 26 5 16 9 5 8 19
1 49 14 1 9 12 3 16 14 10 5 7 2 15 11 8 17
5 49 15 15 8 9 5 6 19 13 16 12 20 1 2 4 11 14
1 7 2 13 9
1 4 1 9
1 4 1 4
3 45 14 18 24 3 1 20 25 22 4 7 15 5 16 10 13
1 35 20 16 22 7 2 3 4 6 11 9 13 12 17 26 24 25 19 18 20 23 15
21
16.052301
8 23 0
5 46 0
6 36 1 1
2 77 0
5 36 2 2 3
6 26 4 5 1 3 2
5 59 1 2
6 12 2 6 4
3 42 3 3 8 5
4 46 5 7 6 1 3 2
7 82 7 4 6 5 9 1 10 3
8 80 0
4 43 8 10 3 6 4 5 7 9 2
5 70 5 12 13 10 4 3
1 43 7 11 13 8 5 12 4 1
7 86 15 2 7 10 6 4 11 14 3 15 5 1 8 9 12 13
5 81 2 6 8
5 30 13 4 8 2 14 12 7 15 11 1 17 16 5 9
5 88 16 4 6 8 16 7 11 10 18 3 1 12 15 14 5 9 13
7 74 3 8 16 7
5 29 7 14 19 8 9 16 3 7
8
56.894959
5 60 0
1 17 0
7 24 1 2
5 26 0
2 87 0
8 91 4 2 1 3 5
8 22 0
6 28 3 4 5 6
22
50.132299
5 83 0
4 69 0
2 72 2 2 1
1 79 0
5 18 2 1 2
2 61 1 3
8 4 5 6 5 4 1 2
3 31 1 4
8 19 1 2
2 39 6 3 2 7 6 5 4
7 45 7 3 5 2 8 10 4 7
2 70 1 9
7 68 0
5 15 11 11 5 1 9 12 13 10 8 6 7 4
1 64 10 12 3 10 6 7 2 14 11 1 13
2 1 1 2
5 5 6 15 4 10 5 2 8
4 80 12 16 5 12 6 2 3 1 11 13 7 8 9
8 66 0
5 2 3 9 8 4
8 42 19 3 16 4 20 13 11 8 6 17 2 7 19 15 12 1 10 18 9 5
4 47 1 7
1
30.201578
3 73 0
2
38.794499
4 64 0
4 63 1 1
2
40.506442
4 28 0
4 55 1 1
