8
7
57
55.367507
2 18 0
3 19 0
6 42 2 2 1
6 24 1 2
5 85 4 4 3 1 2
6 75 1 2
3 94 5 6 3 4 2 1
8 2 5 2 7 6 1 5
7 31 6 3 5 6 4 7 1
8 40 2 6 1
3 31 6 1 10 6 9 5 7
1 2 0
1 96 11 11 7 5 1 12 6 10 9 8 4 3
7 20 11 12 6 11 8 5 2 4 1 7 10 9
1 96 11 9 4 5 6 12 13 11 7 10 2 1
3 53 7 1 2 11 8 13 6 4
1 1 16 8 14 7 1 10 16 9 15 12 11 4 13 3 2 5 6
8 93 13 1 4 10 3 14 9 13 7 5 2 16 12 17
7 12 15 1 12 4 11 2 8 6 3 13 16 10 15 9 7 5
2 10 7 18 3 15 16 19 10 14
5 48 4 16 5 11 19
1 62 17 7 1 4 6 18 19 20 12 10 13 14 15 2 8 5 3 9
7 88 1 2
4 28 20 7 10 21 4 20 11 12 16 6 17 18 2 13 9 1 3 22 5 8 23
2 38 0
1 33 22 23 9 21 2 4 5 20 8 11 7 3 13 17 22 18 14 10 24 16 25 19 6
6 43 13 1 2 18 4 6 13 20 8 25 3 26 5 10
6 29 18 6 8 20 21 19 27 15 16 24 18 25 7 5 17 23 26 22 9
5 76 1 13
7 23 29 16 18 9 13 29 27 5 6 12 20 21 17 25 7 4 15 3 23 10 2 24 19 14 11 28 26 22 8 1
1 48 10 23 19 4 15 11 20 6 29 27 9
5 73 6 3 2 28 8 19 23
2 67 31 21 6 2 15 20 24 18 28 23 22 13 29 5 9 1 17 8 32 16 14 19 10 11 7 31 3 26 12 27 4 25
3 72 21 1 15 25 6 28 32 2 26 29 12 17 3 31 7 33 11 16 24 9 4 30
1 13 19 25 31 18 12 5 9 2 23 4 3 28 26 33 21 17 8 14 30 16
3 84 10 19 6 15 26 32 9 24 25 5 12
4 76 7 33 31 26 3 14 34 9
5 13 7 29 28 7 21 37 32 31
6 17 0
7 13 35 15 7 14 30 25 12 37 28 32 31 16 6 22 1 38 33 20 3 26 36 39 21 18 10 17 27 29 35 4 23 2 8 13 24 11
5 7 31 38 28 31 2 22 19 1 3 27 11 13 25 35 15 10 18 37 8 20 16 34 29 6 9 12 17 30 40 4 21 32
5 78 7 28 30 18 7 36 35 23
7 64 10 29 18 20 37 38 10 28 5 24 26
4 95 17 26 17 2 27 14 28 15 31 10 32 8 3 11 9 6 21 12
4 36 7 5 43 36 38 32 20 3
5 89 39 21 39 11 36 12 2 25 4 1 33 41 34 27 14 42 30 19 24 15 18 16 29 43 7 9 23 37 5 6 28 10 38 45 3 13 35 44 17 26
5 42 44 21 33 45 6 35 16 3 13 39 43 36 9 7 17 37 46 34 1 4 14 41 30 44 22 20 15 42 28 2 5 24 11 10 26 23 31 27 25 38 8 19 18 29 40
3 71 44 2 33 17 32 28 35 9 14 7 1 30 24 39 19 36 22 20 16 15 43 31 25 38 8 37 5 18 42 23 46 21 26 47 12 4 45 29 6 3 11 10 13 40 34
4 24 41 2 39 13 42 1 22 45 38 24 26 43 34 44 7 35 27 30 4 11 37 23 19 40 20 32 8 31 41 18 33 48 16 46 5 17 3 28 6 36 21 25
1 47 26 8 7 33 14 30 18 5 20 23 11 1 4 24 22 10 16 46 28 42 13 32 12 44 43 19 40
3 77 9 43 17 47 6 10 12 46 14 3
3 74 4 16 25 39 49
8 92 46 9 35 27 5 51 46 47 4 32 1 18 10 41 30 36 25 7 12 33 48 37 2 22 21 45 15 23 43 49 40 3 13 42 31 11 20 52 29 8 50 19 38 28 34 17 26
6 8 31 12 49 53 41 16 6 35 26 45 31 2 5 27 28 42 7 46 47 22 29 33 18 8 13 20 48 38 50 4 11 34
3 28 7 9 30 2 11 52 1 32
5 87 2 32 19
2 31 7 50 42 37 20 21 40 25
10
38.662783
3 69 0
5 93 0
5 10 0
2 57 3 2 1 3
1 24 4 3 1 2 4
3 50 3 4 3 5
1 7 1 5
5 17 2 4 3
3 39 0
8 37 1 6
4
46.649843
6 87 0
4 84 1 1
1 16 2 1 2
2 77 2 2 3
17
15.365661
4 60 0
6 50 0
2 83 1 2
6 23 2 3 1
3 66 4 4 2 1 3
6 28 0
8 69 4 6 1 4 5
7 82 6 3 2 4 1 7 5
4 29 5 1 6 7 4 2
5 2 2 7 8
3 14 9 1 4 2 5 8 7 10 3 9
2 65 0
8 13 2 8 2
2 35 8 12 10 11 7 8 4 13 5
7 25 2 8 6
8 75 0
6 5 15 3 8 10 14 13 16 6 9 1 5 4 7 2 15 11
9
21.043725
5 47 0
2 74 0
1 20 1 1
4 70 0
1 44 4 4 2 3 1
2 78 4 2 4 3 1
5 3 5 1 2 6 4 3
6 68 3 2 6 1
2 44 3 2 6 3
2
51.558589
1 68 0
8 81 0
1
35.576503
4 90 0
