8
4
78
21.201898
6 30 0
6 70 1 1
2 83 2 1 2
2 86 0
7 2 0
7 52 4 2 1 4 5
1 37 1 6
7 90 5 7 1 5 4 3
3 45 8 5 7 2 8 6 4 1 3
2 86 5 7 3 9 4 1
5 15 3 1 5 9
8 35 2 8 6
4 10 2 6 1
1 40 2 4 7
2 38 6 4 9 13 2 12 10
3 51 4 15 3 12 6
6 8 13 2 4 6 12 11 7 15 1 16 9 8 3 13
2 57 16 10 11 8 2 4 5 15 17 1 3 12 13 14 6 7 16
4 38 4 4 1 18 6
8 22 19 15 7 1 19 4 8 13 3 18 11 2 16 5 10 12 14 6 9 17
7 62 19 6 1 11 10 15 5 13 20 18 7 9 12 16 19 3 4 14 8 17
8 79 9 13 4 5 7 8 3 2 11 18
7 85 8 3 2 20 10 6 21 18 19
4 65 20 22 3 14 15 7 5 19 18 16 2 17 10 21 1 6 9 20 11 12 4
3 18 8 16 12 3 15 22 24 7 18
6 22 24 21 1 16 15 4 10 9 3 25 20 23 18 24 8 11 13 14 6 17 19 5 7 22 12
6 36 5 18 15 2 8 22
6 1 14 2 14 18 22 27 11 1 7 8 24 26 3 25 6
7 15 23 19 11 7 27 16 2 18 24 21 13 22 28 10 26 14 15 12 23 8 5 6 17 1
3 76 13 7 8 9 18 1 12 11 19 15 22 16 13 10
4 69 23 10 19 8 14 13 6 28 24 23 20 2 12 5 17 29 4 15 11 3 21 18 26 16
5 35 6 24 29 23 9 7 19
8 58 5 10 6 20 1 15
5 69 8 4 10 7 5 28 27 32 31
8 90 34 11 24 34 26 3 33 18 10 2 19 20 8 15 31 4 23 14 32 21 1 28 25 6 27 7 22 5 16 12 30 9 17 29 13
2 36 24 19 25 11 16 35 3 4 8 18 32 29 6 26 30 31 27 15 12 2 21 34 22 24 5
3 3 30 35 10 34 9 6 14 23 5 7 4 29 33 19 36 16 28 11 32 31 13 30 17 27 18 25 15 26 20 21 1
5 57 7 33 30 7 22 37 10 29
4 85 35 32 30 6 3 28 12 1 2 7 38 13 27 36 4 11 25 5 18 15 37 26 10 16 22 19 35 20 8 33 29 17 21 9 34 31
1 7 23 6 29 16 32 25 19 39 36 24 22 1 9 5 17 35 20 10 28 11 31 13 37 23
7 44 15 8 39 34 37 11 9 26 27 10 31 25 33 24 38 3
8 3 25 28 32 9 11 20 8 24 29 38 2 1 37 10 25 23 27 15 3 18 30 5 31 41 34 21
6 77 42 25 20 35 5 27 41 1 14 6 3 37 42 34 7 16 11 31 29 9 10 8 15 36 28 21 12 32 13 19 22 17 40 26 4 30 24 33 38 39 23 2 18
1 11 10 40 26 12 21 6 2 23 32 41 42
5 94 33 35 22 32 1 12 37 26 23 34 44 19 17 5 3 36 29 7 31 25 43 39 10 4 24 21 41 27 13 14 20 30 42 33
5 94 31 25 1 44 41 10 17 20 39 5 19 34 31 40 43 28 21 35 42 16 13 8 26 22 12 11 18 4 23 38 33 27
5 15 21 32 45 20 14 13 36 11 43 18 23 38 1 42 4 12 19 9 22 35 26 16
6 87 45 34 7 4 36 47 16 24 14 42 26 3 23 6 38 1 30 5 27 31 39 13 46 28 41 33 19 20 25 10 21 45 9 11 18 2 8 35 44 12 32 15 22 43 40 29
4 14 21 44 46 48 34 35 6 9 47 17 36 45 23 37 22 42 4 20 27 5 39 14
4 14 45 48 21 7 42 49 26 2 40 44 17 9 27 1 16 13 29 6 11 22 35 31 45 5 30 14 3 10 23 28 8 38 43 46 33 32 36 25 19 34 20 4 37 18 15 47
7 50 24 7 5 17 13 21 4 49 15 48 18 3 6 28 9 45 1 37 25 32 50 30 41 12 35
1 47 0
5 42 7 15 7 21 17 29 47 6
7 75 41 12 7 9 13 1 8 46 17 36 44 16 30 29 14 42 49 34 51 45 20 37 26 22 39 41 33 47 5 15 38 6 3 11 40 21 4 48 23 10 27 19
3 56 47 49 47 29 4 6 24 50 26 41 42 1 5 25 53 20 11 18 36 3 31 38 48 32 28 23 39 37 34 52 12 44 35 16 40 14 33 45 2 7 13 9 15 43 30 46 54 22
4 32 28 37 3 49 23 41 39 21 35 46 12 10 26 36 30 2 38 9 25 15 47 11 42 43 53 50 8 51 20
8 58 38 30 40 8 27 24 5 26 44 31 23 17 29 56 55 28 42 7 15 34 48 4 22 49 45 21 10 3 11 19 16 52 14 25 37 39 43 33 18
1 53 27 21 56 5 11 32 2 20 16 47 18 6 45 24 34 27 52 38 22 7 48 13 40 36 10 46 44 12
6 16 4 18 45 7 38
2 79 14 10 19 33 38 56 4 6 24 1 45 46 14 44 37
1 77 47 19 12 9 54 41 44 53 43 30 35 60 25 17 42 32 51 47 46 39 57 1 45 38 34 4 52 50 15 58 2 28 3 21 20 59 33 40 6 29 14 11 55 26 37 13 5 36
4 13 58 1 51 5 36 23 42 2 6 21 37 38 41 35 13 14 16 4 60 17 55 50 57 59 29 11 30 25 8 49 15 24 34 40 46 26 48 45 52 20 43 18 22 12 28 3 39 47 61 9 33 54 10 19 32 58 56 31 7
2 2 5 44 38 26 33 62
2 71 56 2 18 57 1 46 22 53 35 60 13 52 56 29 3 7 15 4 27 38 49 25 54 37 51 12 32 58 28 31 23 34 55 40 59 26 36 48 47 19 5 24 62 8 20 33 43 30 39 50 10 41 6 16 44 61 21
3 2 56 45 57 38 49 23 59 51 25 22 63 5 52 46 39 31 18 55 48 8 26 35 11 42 28 21 58 56 9 60 24 40 27 1 36 3 13 54 53 62 19 15 10 20 43 50 4 2 64 12 30 6 16 34 47 17 33
1 61 39 49 56 3 23 60 25 64 10 65 45 22 15 5 46 44 37 29 59 39 14 4 58 21 57 51 12 52 26 27 7 19 16 53 35 63 28 2 42 24
1 93 57 34 24 14 11 25 44 49 55 9 59 1 2 42 62 56 61 5 46 32 10 23 13 38 18 6 43 54 27 52 36 37 51 45 12 22 64 40 20 17 19 8 58 21 39 33 53 3 16 28 60 63 41 7 35 50 48 15
8 15 64 18 21 16 50 46 6 57 9 37 30 49 56 28 20 47 24 1 65 60 51 63 44 5 43 23 42 15 27 10 54 67 59 31 7 45 55 39 62 53 38 40 25 13 4 12 32 61 8 3 29 66 52 36 22 41 11 35 14 34 33 64 2 26 19
7 49 20 61 49 57 59 39 36 58 45 67 5 25 9 55 17 6 50 12 30 34 64
8 6 1 49
2 7 44 20 57 30 17 37 54 51 32 38 55 21 28 64 2 12 33 61 49 23 70 40 34 4 14 16 36 47 39 60 69 6 7 67 3 18 26 50 46 35 63 52 13 29 45
1 32 13 42 12 25 58 26 10 11 62 45 18 33 67 43
1 8 24 64 40 21 6 24 12 52 57 41 68 8 16 38 51 61 1 7 27 33 35 31 29 4 9
2 26 32 45 3 64 30 65 35 23 70 19 44 41 66 60 39 42 6 20 8 68 11 58 34 14 18 28 5 22 56 48 13 24 52
4 7 32 56 21 36 48 61 30 60 6 24 53 11 23 49 28 38 44 34 13 29 57 4 58 37 5 66 32 72 15 65 69 8 41
2 3 52 20 58 10 33 75 64 31 54 45 44 60 46 6 15 67 2 49 12 17 21 3 71 59 73 62 1 65 25 23 36 9 11 50 4 37 61 16 5 26 7 32 74 35 72 34 29 14 19 56 51 30 38
1 59 24 58 29 16 44 14 3 62 71 8 31 56 76 61 1 51 22 36 9 35 42 13 32 20 10
1 37 57 76 3 2 70 53 30 28 67 71 26 13 48 61 35 75 39 37 24 63 73 46 36 40 65 9 18 43 74 17 50 31 68 32 10 52 20 14 8 72 34 49 64 59 16 41 44 7 51 21 66 23 25 77 57 5 69 22
16
8.482385
4 62 0
6 81 1 1
8 55 2 2 1
1 19 2 3 1
7 68 3 1 2 4
5 94 0
2 92 2 1 5
8 73 6 7 6 2 5 1 3
2 88 5 2 7 3 5 1
6 7 4 4 5 2 6
8 41 1 3
6 14 9 3 4 1 10 9 2 11 6 5
6 85 7 4 1 3 5 7 8 2
5 69 8 2 5 9 12 10 4 6 13
5 24 11 12 14 4 9 6 8 1 10 2 13 3
8 33 10 3 15 8 12 2 10 5 6 4 1
2
46.767122
4 72 0
8 57 0
4
49.740871
1 12 0
8 19 0
3 81 0
6 31 2 1 2
