8
5
79
24.869853
3 55 0
4 96 1 1
6 24 0
1 43 3 2 3 1
1 14 0
5 58 5 1 2 4 3 5
6 74 5 3 5 6 4 2
3 92 6 3 1 2 4 7 6
8 77 0
6 2 6 3 7 2 8 1 4
4 2 4 3 1 2 8
4 80 1 6
8 88 0
7 36 6 13 11 9 3 7 10
1 56 10 12 3 7 6 9 14 4 5 2 8
6 91 0
3 43 9 8 3 13 16 9 10 7 12 14
2 27 12 1 3 15 10 11 12 13 6 16 9 4 2
4 44 11 8 15 11 13 5 3 6 7 1 18 9
7 43 19 10 2 9 16 1 13 4 3 7 17 14 19 12 6 18 5 11 15 8
5 58 10 10 3 2 11 12 17 14 7 4 15
8 50 17 11 17 1 13 7 8 2 9 3 21 4 10 16 20 18 14 6
8 88 21 6 19 17 2 15 10 7 1 22 20 12 18 3 4 13 16 5 9 8 14 21
6 15 6 20 23 5 18 1 6
7 62 21 7 2 11 13 21 6 24 17 16 22 23 3 19 20 1 12 4 10 5 8 9
1 47 9 22 13 11 17 3 19 15 25 8
6 45 25 9 18 17 15 23 2 8 19 22 5 16 13 10 4 3 12 25 11 26 6 14 20 21 1 24
6 24 13 24 12 11 4 22 1 14 5 10 26 25 17 13
4 49 2 18 28
3 38 15 29 13 9 16 14 17 19 24 25 1 21 28 5 4 7
4 26 28 19 27 10 21 18 8 20 7 6 28 14 29 25 30 2 5 26 17 12 1 13 16 15 24 22 11 23 4
3 36 31 18 22 12 7 28 20 9 10 19 29 13 31 25 14 5 24 11 30 2 4 6 17 27 8 15 1 21 3 16 26 23
6 16 32 17 12 5 19 1 4 10 15 6 30 16 32 31 11 18 24 9 7 25 29 27 13 2 3 21 14 22 28 23 20 8 26
1 10 14 32 29 27 10 26 3 23 14 24 21 8 17 22 12
8 64 30 23 3 16 25 30 26 34 31 20 33 21 22 8 15 29 19 9 6 2 28 27 7 13 32 11 12 14 4 10 24
4 55 25 9 16 28 7 3 22 35 33 13 8 20 26 19 32 23 34 29 30 1 4 24 5 2 12 14
1 82 18 6 1 23 27 4 9 11 7 8 28 15 35 21 13 30 12 29 10
5 40 23 25 21 5 20 30 34 33 17 23 24 3 11 37 8 6 10 16 4 7 12 29 1 2
4 76 28 36 27 8 13 1 28 5 24 12 19 33 34 20 7 10 16 17 32 23 22 2 11 35 9 29 37 38 30
6 43 15 5 21 12 24 11 4 8 6 16 35 26 25 7 17 32
4 65 32 14 38 40 18 1 17 13 12 39 11 30 34 32 16 24 27 23 10 5 7 8 22 31 25 37 33 2 15 29 9 6 28
2 41 1 3
3 70 3 18 28 31
5 16 5 26 17 40 18 5
6 33 12 13 17 37 19 36 21 11 18 35 7 12 22
7 13 25 15 23 12 22 24 25 18 39 13 2 29 34 38 37 35 27 43 36 7 26 8 14 1 41 45
5 42 12 36 2 41 39 22 28 4 12 16 26 13 31
2 28 23 7 21 19 32 13 44 30 5 11 3 12 43 23 4 26 39 17 46 24 45 28 25 35
6 83 34 44 10 16 4 29 23 43 30 22 12 7 48 47 6 33 14 26 28 41 36 18 31 27 39 40 46 24 35 8 34 37 45 3 1
6 18 18 21 42 19 27 14 34 49 29 45 16 32 20 13 10 6 18 5 38
4 19 31 36 41 50 35 27 40 20 11 31 45 15 44 22 3 1 24 42 47 7 28 48 9 26 39 49 5 4 6 33 13 17
6 19 15 49 3 51 26 9 43 17 31 48 36 13 30 47 40 10
7 92 42 22 15 25 9 10 1 27 43 52 50 12 35 30 29 34 47 16 40 14 20 33 2 8 26 17 21 19 37 36 41 4 46 23 18 39 51 44 49 48 38 32 7
6 54 19 20 15 46 33 11 1 43 2 23 31 32 22 26 16 27 24 12 35 52
6 1 52 43 50 21 20 17 32 46 23 48 36 13 53 28 1 15 37 7 12 5 30 40 51 29 11 31 26 4 6 25 34 47 8 49 18 44 42 19 2 27 33 35 3 14 52 39 38 45 22 24 9 41 16
4 72 42 41 55 49 12 20 32 27 37 23 14 7 26 3 48 10 47 18 25 43 19 16 29 1 24 40 38 42 9 35 2 11 36 28 45 15 51 21 33 17 50 6 5
3 70 13 47 45 53 38 8 7 40 10 52 36 25 26 48
5 61 40 52 2 10 54 38 45 25 17 42 16 28 29 34 6 30 37 23 47 12 41 31 1 24 46 5 26 48 18 14 43 9 33 20 50 3 11 7 35 49 53
8 49 30 13 32 25 29 35 36 17 33 5 19 50 9 22 40 20 53 44 45 8 46 14 11 47 10 16 30 37 54 2 21
6 76 26 52 28 57 33 17 59 8 25 2 5 1 36 24 40 45 49 51 56 26 47 18 13 27 44 37 48
5 37 45 38 23 17 8 2 52 50 12 25 34 55 59 44 22 10 30 51 1 21 46 15 35 3 26 60 11 24 14 39 9 29 6 13 42 18 45 5 56 57 40 19 41 54 47 16
4 10 5 20 61 54 9 43
1 96 47 57 21 29 26 30 5 33 17 20 9 36 49 51 1 58 54 25 50 44 61 23 28 60 34 56 15 43 10 55 62 40 12 46 6 52 3 31 48 27 14 18 2 47 32 39 24 8
2 95 52 45 23 40 42 15 27 59 39 48 28 19 1 35 33 8 31 60 38 57 58 4 36 3 34 50 22 24 46 5 41 56 30 10 53 16 6 47 21 37 7 32 11 61 44 62 17 18 63 54 12 25 52
7 2 48 41 2 6 43 42 60 55 44 29 5 53 54 24 47 46 56 16 35 30 36 40 39 64 14 32 1 49 19 10 11 48 8 3 45 26 37 22 58 25 28 33 27 63 15 7 21 20 59
6 92 46 8 10 40 62 45 13 43 35 29 37 19 7 44 2 38 27 39 21 3 53 33 41 56 1 34 49 59 28 50 61 57 46 11 18 15 55 48 24 14 9 42 17 47 4 36 31
2 18 3 22 46 24
4 27 53 62 15 52 18 60 11 5 57 56 28 1 25 49 67 2 53 63 31 22 46 9 13 64 55 16 37 21 38 32 51 30 26 66 12 3 33 34 65 24 29 47 36 50 23 58 54 45 41 20 61 10 59 14
8 40 13 68 47 67 51 62 63 45 10 13 39 32 41 49
1 39 57 44 24 7 31 46 59 14 18 67 13 27 41 69 55 2 37 11 35 5 58 32 12 33 62 3 20 38 66 9 39 52 15 57 36 64 17 40 51 34 54 16 28 65 43 61 26 1 23 60 8 25 68 45 21 10 49 56
7 24 62 42 19 24 70 15 48 47 12 21 65 33 3 7 18 63 29 1 68 17 27 58 28 23 20 51 9 5 2 50 39 22 66 53 37 8 34 11 52 62 25 67 14 61 40 69 55 45 44 36 16 54 64 43 60 46 35 49 26 4 30 13 31
5 36 21 1 44 63 61 24 5 28 20 6 41 23 67 33 50 51 34 39 40 12 53 35
4 81 48 64 57 28 68 40 14 37 58 67 49 60 10 5 35 18 53 3 22 70 12 19 6 44 52 20 47 27 45 63 59 23 46 17 39 25 21 16 7 9 36 50 29 13 51 33 8 56 24
2 43 55 53 9 30 64 5 12 49 13 45 51 11 56 68 4 70 23 67 28 65 38 72 31 8 32 43 24 10 39 44 66 42 59 18 55 54 46 61 22 17 21 6 14 73 1 60 20 35 34 25 29 47 62 48 27 37
4 71 17 22 7 56 67 6 43 60 51 9 71 10 33 26 13 41 40 20
3 74 37 17 64 53 7 29 51 61 63 34 43 26 54 9 35 48 12 59 73 24 30 8 4 68 72 18 46 66 52 31 67 45 65 28 10 71 41 40
7 40 63 27 61 56 38 15 14 52 75 30 28 24 73 6 63 10 59 68 62 48 49 60 42 16 57 44 20 66 70 22 35 51 76 46 32 13 29 3 4 12 7 43 26 11 34 58 39 18 9 67 53 21 45 2 37 65 36 25 17 74 72 64 69 5
8 49 57 11 46 14 1 52 66 13 41 54 23 45 20 68 42 29 77 8 56 44 17 34 4 25 28 31 57 18 15 33 22 50 16 30 71 53 55 3 75 59 10 72 61 7 5 49 26 64 76 63 21 37 62 67 73 74 51 60
4 78 3 6 45 46
13
38.084821
6 91 0
1 35 1 1
5 74 0
2 6 1 2
4 10 0
1 19 5 5 3 1 4 2
4 90 3 6 3 2
3 6 4 6 4 2 7
1 89 8 8 6 5 7 2 4 1 3
7 34 2 1 4
1 76 6 3 2 4 6 9 10
4 75 0
5 7 6 5 10 9 4 11 7
5
14.193866
7 38 0
2 91 1 1
8 13 2 1 2
8 83 0
3 14 2 4 2
2
31.21838
1 3 0
7 43 0
1
46.754764
7 30 0
